67,4
67,3
67,2
67,1
67,0
38,15
38,11
0,533
66,4
66,3
66,2
66,1
66,0
65,4
65,3
65,2
65,1
65,0
64,4
64,3
64,2
64,1
64,0
63,3
63,2
63,1
63,0
62,3
62,2
62,1
62,0
0,532
0,531
61,3
61,2
61,1
61,0
60,3
60,2
60,1
60,0
59,3
59,2
59,1
59,0
58,4
58,3
58,2
58,1
58,0
57,4
57,3
57,2
57,1
57,0
56,4
56,3
56,2
56,1
56,0
53,6
55,5
55,4
55,3
55,2
55,1
55,0
0,530
0,529
0,528
0,527
0,472
54,4
54,3
54,2
54,1
54,0
0,278
34,0
53,5
53,4
53,3
53,2
0,9
53,1
53,0
52,52
52,51
52,50
52,49
52,48
52,47
52,46
52,45
52,44
52,43
52,42
52,41
52,40
52,39
52,38
52,37
52,36
38,16
38,14
52,35
0,270
10,141
10,137
10,85
10,181
10,227
10,83
11,2
8,6
8,14
8,16
38,13
38,12
38,10
38,9
38,8
38,7
38,6
38,5
38,4
38,3
38,2
38,1
38,0
37,4
37,3
37,2
37,1
37,0
36,3
